camera_matrix:
- - 919.3554242496588
  - 0.0
  - 486.71132477303144
- - 0.0
  - 919.2269296425981
  - 354.1078533314098
- - 0.0
  - 0.0
  - 1.0
dist_coeff:
- - 0.023473457726523043
  - -0.48816035664998353
  - -0.0016297587938250255
  - -0.0008868287878593808
  - 1.5244323919675495
